3.172336119907172
67.01647794958922
-83.39054033342981
-62.126285763008696
-63.53441926920831
-67.0436100753582
-3.890804476333429
-10.419309840359986
-52.902774643770826
61.834249929704356
7.889395956296255
39.30130044003684
-66.89495161095167
-69.87599943007514
7.586476611414312
72.26994768217446
78.56694819111368
-87.60472930679155
-1.126516333298639
-88.73247524988206
20.77028240436192
-74.89963480120369
63.337800243452534
78.23536508485262
88.88103257774372
17.39365941260303
-68.4116691586095
-67.65645192006748
93.46459901801725
-18.452004260808792
-19.48972254884829
91.5509059750571
21.40534172692668
51.04066580798309
69.906141921456
18.32690204459901
22.21730364824397
-43.86071421068911
-83.66828433588012
30.088360975672856
59.43388221545402
14.82568465136498
42.75625320592397
81.03684614873904
-55.29056782499764
-48.84624666356476
-60.25375407898459
54.46527717158202
-27.538713787879843
-46.354973707565605
-72.80735136529978
3.235212158505263
29.325754770554312
-86.91643535808743
-84.82847176265562
-18.990979694129123
65.39717690141342
12.079530189338954
28.348686766978915
17.953985996158522
-16.83568717687649
78.02862483392536
80.40880064840493
12.018195103907644
-74.74633730726059
-43.39756896170921
-36.68972942686577
30.510881220089544
23.53470660182704
14.66247679120336
-49.263012473349235
-53.39731736893627
-90.162751728655
-60.501386340564814
-94.06126587357492
71.49414697730842
82.47643550262117
65.55023276452161
31.222172924771428
85.38352751281806
-27.023623213636256
-69.72347830851305
99.67467632241792
-81.00213997905108
63.828453389146915
37.599817572058186
69.27362623155588
92.33396521545535
70.81588080133889
90.3540395368737
-4.645976836962291
-21.611013106821943
22.38130494321122
42.42775526602915
29.477684401720467
-72.95721205657225
43.70955481252824
16.799527673268173
21.067517440713715
-42.11262801125717
